n   error 
3   0.00000000000000000000000000000000000      
4   5.55555555555555555555555555555555469E-0002
5   6.24999925494194030761718750000000000E-0002
6   6.00000000000000000000000000000000282E-0002
7   5.55555058850182427300347222222222055E-0002
8   5.10203911333667988679846938775509922E-0002
9   4.68749832361936569213867187500000000E-0002
10   4.32099212466934580861786265432098577E-0002
11   3.99999381601810455322265625000000260E-0002
12   3.71900779033495374947540030991735650E-0002
13   3.47222898983293109469943576388888702E-0002
14   3.25443397259571143155972633136094945E-0002
15   3.06122401083002285081513073979591581E-0002
16   2.88889579309357537163628472222222237E-0002
17   2.73435967974364757537841796875000000E-0002
18   2.59515553403478180248432093425605651E-0002
19   2.46911500293163605678228684413580008E-0002
20   2.35454922650329293966953774238227191E-0002
21   2.24999735504388809204101562500000246E-0002
22   2.15418523688570442113205959467119920E-0002
23   2.06613866381408754459097365702479461E-0002
24   1.98485051512380178123430854206049412E-0002
25   1.90971359196636411878797743055555348E-0002
26   1.84002278387546539306640625000000033E-0002
27   1.77514247001099163258569480399408536E-0002
28   1.71467322544469427833504801097393726E-0002
29   1.65819375946813700150470344387754810E-0002
30   1.60524061483449516341745782550535014E-0002
31   1.55555156949493620130750868055555531E-0002
32   1.50886750920568122824074450442247531E-0002
33   1.46485863951966166496276855468750000E-0002
34   1.42334548635040542420386392332415163E-0002
35   1.38415286130558660698596993944636772E-0002
36   1.34697437864177081049705038265305984E-0002
37   1.31167486988375952214370539158950395E-0002
38   1.27826390109025622215298860938641546E-0002
39   1.24651294155175335849751395862188400E-0002
40   1.21625869214671916823728863617685589E-0002
41   1.18746633268892765045166015625000257E-0002
42   1.16006425110393872507833994831945425E-0002
43   1.13383600416502444381886869331065511E-0002
44   1.10863679783240468389862869287452371E-0002
45   1.08466257325812312197094121255165407E-0002
46   1.06174145427383022543824749228395238E-0002
47   1.03983620026752718905645417355860385E-0002
48   1.01866355379170667752792199524671675E-0002
49   9.98259080936097436481051974826386866E-0003
50   9.78773797255960517702178128904621625E-0003
51   9.59990869313478469848632812500000679E-0003
52   9.42015364373683562786567215734330711E-0003
53   9.24551044177462363384179109652369258E-0003
54   9.07905154320089449531117891153434652E-0003
55   8.91608589894773211171761134687929026E-0003
56   8.76149337707964841984520273760328906E-0003
57   8.60932790104071704708800023915813738E-0003
58   8.46438855162104227683037088334872316E-0003
59   8.32296442129736706419592096462543739E-0003
60   8.18725353381357053270698860779947508E-0003
61   8.05601705693536334567599826388888563E-0003
62   7.92776406996674961827192790916422479E-0003
63   7.80371359465149513268445954734650199E-0003
64   7.68522635847517812723595659328543771E-0003
65   7.56842497503384947776794433593750000E-0003
66   7.45541050765641342253374630177517189E-0003
67   7.34570050223827143127049077421947832E-0003
68   7.23973951659520714977159880402095792E-0003
69   7.13734227477550300347351285413063084E-0003
70   7.03792709006691800273533905035704346E-0003
71   6.93801251753252379748286033163263862E-0003
72   6.84487074244072030068768132562984831E-0003
73   6.75138824814815580109019338348763118E-0003
74   6.65962908991613717346706809145712020E-0003
75   6.57388660240404095590506442887145870E-0003
76   6.48754768504036797417534722222224795E-0003
77   6.40657930273738098937058382747576456E-0003
78   6.32393020249967290370334439302583516E-0003
79   6.24445239773888402985241129396777020E-0003
80   6.16968530809969077639770018827110891E-0003
81   6.09225578606128692626953125000002471E-0003
82   6.02030280493160079772325936404509702E-0003
83   5.94662417807815189804086225646937850E-0003
84   5.87818679049781971528751961913922875E-0003
85   5.80956037642007647187801715738376192E-0003
86   5.74627287737432235664974859429068776E-0003
87   5.68019802263535442321348216096535476E-0003
88   5.61580613163463630580511507671089489E-0003
89   5.55138249038757125208200502001550773E-0003
90   5.49193928042903360040060514573603430E-0003
91   5.43105096544748471107011959876544926E-0003
92   5.37231164663767356858738895891200119E-0003
93   5.31890746628573350960455679938566231E-0003
94   5.26408169167464090118602267964507982E-0003
95   5.20911454756425051950339873811678285E-0003
96   5.15483252590630523385763828774241473E-0003
97   5.10027204614339603318108452690970024E-0003
98   5.04661945433916403492422688715587917E-0003
99   4.99584081806537261956535444215950204E-0003
100   4.94675667514233379482724279569690258E-0003
101   4.89896221794188022613525390625000829E-0003
102   4.85235986393575001763264439454465562E-0003
103   4.80402417492403611913180177095345558E-0003
104   4.75978804387918391925740931932796375E-0003
105   4.71677371788461356473392283422709554E-0003
106   4.67296978361617410534363484977328195E-0003
107   4.62833689306900780495480313000622088E-0003
108   4.58731522907444624643011773681111082E-0003
109   4.54111720706158622956243235060871267E-0003
110   4.50124475026675501151494672428669239E-0003
111   4.46283563879156900831490508780989850E-0003
112   4.42473818786504564516711337604492650E-0003
113   4.38405342556878316159151038345023074E-0003
114   4.34569862798616034523958476094446306E-0003
115   4.30906122084850346209196429430209551E-0003
116   4.27143734575219325622673972117203384E-0003
117   4.23674684407701106757528007951842252E-0003
118   4.19821542785615567111126021006834715E-0003
119   4.16665474534531291686608441360240674E-0003
120   4.13088235551902158694216427379779959E-0003
121   4.09800655105047755771213107638888419E-0003
122   4.06428393890988215275877738990674650E-0003
123   4.02748063747295286347231087073369641E-0003
124   3.99901990237211754021211848932518144E-0003
125   3.96928176720908665632234031526403513E-0003
126   3.93307867950201034545898437499997172E-0003
127   3.90323673162124084266975923760705563E-0003
128   3.87361961005141135076276500209250419E-0003
129   3.84335784474387764930725097656250000E-0003
130   3.81612943376358344387129861627531537E-0003
131   3.79025472620138402521257569803996488E-0003
132   3.76343932590523832265705948671768059E-0003
133   3.72900623843994049767598414005109082E-0003
134   3.70332355844212316982862981584601500E-0003
135   3.67407995466193514960092063150898514E-0003
136   3.65193763443758131218218182013029714E-0003
137   3.62291719154599783329815188081207441E-0003
138   3.59871832570915052204700148641045977E-0003
139   3.56835570027732881671414358278851884E-0003
140   3.54820874925849539023934853915429420E-0003
141   3.51784602501334584489160654496172064E-0003
142   3.49631969466161622373182692882025266E-0003
143   3.47418904303950145825864870948845748E-0003
144   3.45163117922324033417534528545100003E-0003
145   3.42254526302344913100018913363230666E-0003
146   3.40148487656546687966436324873663521E-0003
147   3.37766639036831611494428334349783993E-0003
148   3.35169592333957639107507107860153169E-0003
149   3.33266758873250534100807697081585153E-0003
150   3.31151508590892211665259219038555817E-0003
151   3.29053143457406096988254123263891600E-0003
152   3.26777862639874148005995017008574151E-0003
153   3.24908776951752541137864384954986496E-0003
154   3.22704187650172238551779484686712298E-0003
155   3.20222923624962141027658056862985657E-0003
156   3.18671426701899249645475294289802183E-0003
157   3.16577489565283961393267288559128988E-0003
158   3.14027491637755225718328496148421379E-0003
159   3.13006172976919930822821386233676218E-0003
160   3.10851924816823369702896378301638568E-0003
161   3.08524809719529002904891967773439874E-0003
162   3.06237066490994247176627778725503777E-0003
163   3.04849501900066009946502466932916248E-0003
164   3.03179676059785342924505771675869360E-0003
165   3.01154412576847846560503740100760046E-0003
166   2.99157593847415773446019140266299232E-0003
167   2.97461198339348807357741571992036473E-0003
168   2.95978329350492018070759182187643535E-0003
169   2.94078571699209122701026414797687452E-0003
170   2.92699910283066771376938935250426926E-0003
171   2.90697543292103341706483834342563633E-0003
172   2.89524272000789438494701260911477314E-0003
173   2.87309666368213777867054668486340792E-0003
174   2.85594059467311192874844080861164439E-0003
175   2.83588030384645537319578981443632025E-0003
176   2.82541665080554631291603555484693874E-0003
177   2.80693418770635977756878561224820438E-0003
178   2.78884217170051049119213347407752526E-0003
179   2.77811122745211535881089676571772813E-0003
180   2.76489117658349693887432633310643483E-0003
181   2.74589225310648297086174105420526348E-0003
182   2.72850058473359406465634201942669854E-0003
183   2.71287188521551381935605160957692690E-0003
184   2.69774902692786196118317520655103102E-0003
185   2.68454883940384101777536431873230710E-0003
186   2.67576361145794261015619649949779889E-0003
187   2.65922746368024766562315532548925303E-0003
188   2.64834994655550455166854537679802095E-0003
189   2.62355051617251499144941392987493115E-0003
190   2.62178726182906759342231941644973069E-0003
191   2.60619641351320076517120953081720571E-0003
192   2.58468853396344843645608986206006837E-0003
193   2.58422229025099012586805555555553445E-0003
194   2.56641394598700814018115353663020863E-0003
195   2.55173276404119004148113726302605584E-0003
196   2.53997047824257302644768488556048770E-0003
197   2.52932780939132992995872640550159961E-0003
198   2.50654383675173942877313803156966871E-0003
199   2.50648378599129116251789517651263688E-0003
200   2.48033672441176665449066597513316833E-0003
201   2.48011411344632506370544433593750901E-0003
202   2.46990282744438851051692198309599367E-0003
203   2.44900286804332141606974351664359168E-0003
204   2.44202717794090268589286283032833941E-0003
205   2.43616239115830707073394998317952523E-0003
206   2.40864795748452428265173898999851191E-0003
207   2.41270167910676417583142321120337624E-0003
208   2.39591797161375703704591120034163589E-0003
209   2.38250380091936762869005372538371515E-0003
210   2.37051784711932159518669388489133900E-0003
211   2.36219928597782204210623051303858789E-0003
212   2.34555421807389838663234304983886489E-0003
213   2.33402332095724380326126766781994383E-0003
214   2.32210555342428295725162177092286246E-0003
215   2.31576213874759054754548577181962627E-0003
216   2.30780966615172384106319875185909509E-0003
217   2.30445483223878777239711850431884659E-0003
218   2.27534522253261057234718753567048481E-0003
219   2.28003053109525038872731573783774052E-0003
220   2.26136464454133137111401742349906408E-0003
221   2.25236329015282806286141892110018623E-0003
222   2.24038102327094712466997951980021895E-0003
223   2.22902010906922789171873850729949183E-0003
224   2.21494377395327109579428313961669436E-0003
225   2.21131184543435442812588750099646796E-0003
226   2.20323897532106917581440489969135760E-0003
227   2.18925923431432651403562904421840737E-0003
228   2.18049517962411784883283828948258549E-0003
229   2.16853804083723917708979565827947384E-0003
230   2.16562080930802876715488149777848011E-0003
231   2.15848676733574028952585952268432285E-0003
232   2.15061619932513714542618751508006716E-0003
233   2.13155342491872954170145404466408166E-0003
234   2.12525741029857049897151450167160298E-0003
235   2.11398809856303627839855824161968335E-0003
236   2.11221340074865404649685280740723893E-0003
237   2.09880315591531670049016964021203721E-0003
238   2.09235098079582054348583140277557685E-0003
239   2.08732439099823710490953332160074386E-0003
240   2.06935193898155209196771915648360381E-0003
241   2.06269518718019955688052707248263322E-0003
242   2.04987873711418373620337078417425603E-0003
243   2.04771401265978438632262387356138048E-0003
244   2.04557146051605459729202571037405517E-0003
245   2.03078926721869601706156516645393285E-0003
246   2.02053543298145673117107373880673382E-0003
247   2.01420538913897130389909796582726455E-0003
248   2.01007386386466797339699144029983100E-0003
249   2.00633046679532118568063154428978977E-0003
250   2.00218040750207667354537533920822711E-0003
251   1.98844139353930950164794921874997143E-0003
252   1.98529754994448244631289489700564136E-0003
253   1.97608973774035914354523773846920593E-0003
254   1.95903633691709324565970230382641040E-0003
255   1.95029634778575564178754395106446429E-0003
256   1.94946902475016523168344582011726266E-0003
257   1.94658265354519244283437728881835938E-0003
258   1.93518108292945641572781285159739436E-0003
259   1.92901162269827052095705597068704665E-0003
260   1.90810718218294217483054880567664390E-0003
261   1.91264271898713161254070214265904739E-0003
262   1.90007852148243592277205758096119474E-0003
263   1.90126252692419857378919032492367849E-0003
264   1.89131406609549937268704562432683792E-0003
265   1.87426221522111770644770290350236463E-0003
266   1.87492248851868256677211328264063994E-0003
267   1.86278280413962984457085539510342832E-0003
268   1.86657432955497360224141155411425506E-0003
269   1.85703598156319937373514190286326862E-0003
270   1.84000665427999101012166355203857909E-0003
271   1.84732335595355275890627679183811663E-0003
272   1.83855393931699387380281802792804132E-0003
273   1.82809177380269490001935859864971435E-0003
274   1.81790648439526477947259931693954629E-0003
275   1.81785229936465791688246632735080753E-0003
276   1.81738746446087833278435320893595012E-0003
277   1.79017735146601484668678006462827160E-0003
278   1.78356520614937031524958093048056376E-0003
279   1.78678403805529114610320458926249856E-0003
280   1.78318664240105314830951992307435976E-0003
281   1.75973674306189831422299754862881256E-0003
282   1.77259491481092824751243688414020455E-0003
283   1.74206937953695226894478629780791733E-0003
284   1.76490196974359618408683623770315554E-0003
285   1.75704968443762624081674253058515196E-0003
286   1.76113121351413486113215123884273444E-0003
287   1.74315322919313007184792115254719033E-0003
288   1.74034070252515053146735211271078888E-0003
289   1.71104067955223590503504246841239905E-0003
290   1.71812617573430151636862175053651555E-0003
291   1.70616638553234683205766711875744329E-0003
292   1.70618275443938373498732718115447718E-0003
293   1.70555580255117069536267447189757436E-0003
294   1.70282894429683599904287015414599298E-0003
295   1.67996889244831587849124963348968606E-0003
296   1.67476560401708033193770717937553264E-0003
297   1.69099249898379844109275377606546318E-0003
298   1.67863567486210849531115085934933346E-0003
299   1.66625870653240161244705246244537471E-0003
300   1.67303233488651555029412867808209252E-0003
301   1.67249791428653730286492241753474924E-0003
302   1.64700568429408623439831638495126506E-0003
303   1.64050073901539440766943478227722981E-0003
304   1.64870196056076136785178393351787077E-0003
305   1.63955631977240000322584960599355418E-0003
306   1.63893806214727915861503439095673155E-0003
307   1.62830100227649425053729918914733598E-0003
308   1.62959669858831395080818644399577193E-0003
309   1.61655783552492970780108666255115388E-0003
310   1.59860834887937179347728936561169516E-0003
311   1.59349342071113024492293565255918242E-0003
312   1.59949423440460207454398097402903171E-0003
313   1.60413028130520264973850488505966990E-0003
314   1.59223407069339302246657880837147754E-0003
315   1.59330184328516735847380597613934686E-0003
316   1.56910411273447234013663878456475143E-0003
317   1.56525034803874459982567768680649830E-0003
318   1.57833044225366092864440857837982063E-0003
319   1.57143762037523453628227994683506366E-0003
320   1.55412424025630583322511735332975662E-0003
321   1.56541037009446881711483001708986714E-0003
322   1.54671369443708780330363603747536973E-0003
323   1.53759077515901928629377945021050807E-0003
324   1.52972633145126979231227675883650041E-0003
325   1.53588319282004724114320205853598126E-0003
326   1.52718229650040350016757581360946685E-0003
327   1.53323415747755945161825703607232036E-0003
328   1.52434224567386676914905150354586609E-0003
329   1.51877575973630536531565233329307052E-0003
330   1.51065172211307725931834868830753851E-0003
331   1.49977061811995353033172635445362654E-0003
332   1.50371990250164370557216264387675587E-0003
333   1.49674356477312113138531925612844879E-0003
334   1.50160582383204687285530137048650200E-0003
335   1.49792994470073567982739676254244632E-0003
336   1.49233448673699422094014100439962555E-0003
337   1.49257239899355200142546846212440847E-0003
338   1.46463186300669784652712245006336804E-0003
339   1.47393394476910479483386222348108183E-0003
340   1.47380210060384671214918920524754846E-0003
341   1.46069669674688814833089967087481490E-0003
342   1.45855670810430610732782245970966844E-0003
343   1.45326848474998869324695851594828620E-0003
344   1.46092881504074685818726547774653852E-0003
345   1.43986236609532631301054637325071188E-0003
346   1.44758375485190396748578641074615815E-0003
347   1.43094320098012426876233938387257475E-0003
348   1.43249886104654939690124437204650174E-0003
349   1.42270584330740370607420197722615447E-0003
350   1.42264051758474519145685364216018138E-0003
351   1.42617482683260221870578065210459156E-0003
352   1.40776726057538174796033409311179272E-0003
353   1.41149861312352028513742872506134997E-0003
354   1.40730421003145129530111595320159219E-0003
355   1.39771959296004025211411547701160847E-0003
356   1.38494954613329126966824916543717796E-0003
357   1.39591809215908052945073814859236545E-0003
358   1.39622317308995228718988840174550197E-0003
359   1.38406145334891843079947669282620744E-0003
360   1.38883646771945875284331973011322450E-0003
361   1.38233069853604207804173599054785600E-0003
362   1.38843668812286714201593848000205517E-0003
363   1.36728218891591225739913357762947844E-0003
364   1.35699470895047411044968824763888330E-0003
365   1.37590767916562093036961633216760884E-0003
366   1.36909380906780031389983426475414506E-0003
367   1.36540094853475248935725320225251156E-0003
368   1.34366551627074600594543389510976059E-0003
369   1.33459066730283116235174168260429479E-0003
370   1.35433552220914417634444669218562891E-0003
371   1.34274909177208639044584019328660476E-0003
372   1.32610015693114088304316101732725070E-0003
373   1.36067135063558773837870759817341463E-0003
374   1.32016996044698857347046843385907279E-0003
375   1.31024323968144495413783294137530722E-0003
376   1.32324534026119444105360243055552736E-0003
377   1.31840524154590023702601600740223445E-0003
378   1.29405147351791055009120991647550606E-0003
379   1.30407061596361901517751479128176224E-0003
380   1.29616063787553967285682081801919429E-0003
381   1.31545048971967436270040158089511461E-0003
382   1.30463728197090394309958507883592431E-0003
383   1.28766424419718178076485407750783651E-0003
384   1.27328272163158136725800359638950013E-0003
385   1.27801402130798022780153486463756551E-0003
386   1.32338927453360241487670013124050744E-0003
387   1.28261916264614595426367786561806735E-0003
388   1.29148962525578041491320543141648909E-0003
389   1.28048154644262077692072200704192486E-0003
390   1.28607431503650874602366167808208184E-0003
391   1.25274795414616625062891090488371141E-0003
392   1.27884619232758165895929126389048822E-0003
393   1.27653643886567632986177558056862928E-0003
394   1.27719913412375061020905071149601393E-0003
395   1.26176284433281634529623129762908638E-0003
396   1.27292955239634543652527608506250216E-0003
397   1.26815433707435066791690499086114138E-0003
398   1.27135415921554558682948019431196428E-0003
399   1.26011748721230028103145727385550275E-0003
400   1.23842819800263321993260393160614987E-0003
401   1.25625075933057814836502075195313380E-0003
402   1.23859790437383926506136661152603247E-0003
403   1.23350358083429710483973558750283097E-0003
404   1.25914357803255356846175504917369006E-0003
405   1.22388282269313376378269829407426597E-0003
406   1.22239231849377419850099851692289829E-0003
407   1.21258995015035024990218882565475452E-0003
408   1.22436411788683837788975888140167612E-0003
409   1.23283244900701525279165735065087203E-0003
410   1.20307694382061149464835616406206807E-0003
411   1.22174772593496918040042402913072525E-0003
412   1.21608829866586886344796438162569112E-0003
413   1.23115391442071141155245436924504517E-0003
414   1.22613947554860262293811391485999615E-0003
415   1.21625758202489124757383508986502073E-0003
416   1.20724886387320540089412738491615768E-0003
417   1.20937992177508253405785419531830241E-0003
418   1.19360429259091481138047211736007390E-0003
419   1.13954645745416646944603496755957574E-0003
420   1.17124883070919006420729580092083705E-0003
421   1.20181713019901054516400880013467633E-0003
422   1.20392446751514978565552226834240534E-0003
423   1.17462555130773001005700922958058735E-0003
424   1.18669446439518618074273665233052174E-0003
425   1.19356746092942984620206676033646403E-0003
426   1.16978188351982605086065906141868480E-0003
427   1.18993271419101831194044312979056433E-0003
428   1.14663676346806862357037660383581952E-0003
429   1.17208909282635050430517757248180214E-0003
430   1.16163420791670720286447077508798975E-0003
431   1.14642974896897426355587849428743452E-0003
432   1.14501364945287803577288772918396194E-0003
433   1.13982179947740389404637005757566277E-0003
434   1.15868805228943544091606564355941588E-0003
435   1.18429585861637813372718224358063932E-0003
436   1.13453507453546741078372108115750071E-0003
437   1.13703460685604493903567941288547985E-0003
438   1.13374792075170773822471268242493446E-0003
439   1.12180775711525909144214100327775186E-0003
440   1.12518879971485249502736126742966267E-0003
441   1.12634018015439722163618103531764446E-0003
442   1.13902876188105667465715001662279096E-0003
443   1.11659961443951450336653356243025793E-0003
444   1.12134275042925374088248768992536902E-0003
445   1.12567129840369260492054694910806551E-0003
446   1.09849400990950069468425629852608613E-0003
447   1.09437342461907758620525126066087895E-0003
448   1.10155727583286963404604620068417059E-0003
449   1.07145810991879647635683721425579570E-0003
450   1.12078566780284625652613960015700664E-0003
451   1.10425171816468606760472427179783887E-0003
452   1.10143435982563960796083528552050526E-0003
453   1.09071140814463460125184878829463811E-0003
454   1.07979420140326519494937161910996826E-0003
455   1.09735101806673483956007966804793057E-0003
456   1.09672594817404534819333136707900586E-0003
457   1.09456162117001686271574725441362081E-0003
458   1.07573781471722361424436073720953312E-0003
459   1.07817734725284878979972056208110097E-0003
460   1.10351320594317825997064919367880153E-0003
461   1.07642557683254685428958308719282924E-0003
462   1.05629045696126819052376655295979491E-0003
463   1.08831953579421936868068636233332824E-0003
464   1.07461786977364423707423621586785200E-0003
465   1.06865845785496200520133291782010863E-0003
466   1.07722541487154753611451394986053264E-0003
467   1.07048846062917948717762601845705936E-0003
468   1.07696326842815294339167516884589039E-0003
469   1.07050176262785454377759512263785984E-0003
470   1.08017600579095522440541899996973312E-0003
471   1.06607287107166214839750525637311754E-0003
472   1.05081485249676255106242975155908679E-0003
473   1.03671453603969004537072273480141569E-0003
474   1.05726845747308058883403527450477468E-0003
475   1.05317473195488379712131878324929338E-0003
476   1.03583690984241685048364866473339300E-0003
477   1.07344491244009308252333921275316059E-0003
478   1.02274783967494688488451706035960295E-0003
479   1.04858976520424260451357454101682100E-0003
480   1.03794416472903447654516927273444711E-0003
481   1.03781116023633836044205559624565387E-0003
482   1.03244139175016432147177937782431738E-0003
483   1.00034976611342806085505204510995353E-0003
484   1.03424485215868613359679164585360323E-0003
485   1.02664692230596675319787575144817965E-0003
486   1.01730561994161872152238688315372630E-0003
487   1.02738351471662255382797865785331991E-0003
488   1.04195659553048620930944204162568177E-0003
489   1.00888077529790257853354474800438113E-0003
490   1.02369051944471159706825790677434874E-0003
491   1.00474759386111514759977277940830615E-0003
492   9.96916284780772902730460846957256921E-0004
493   1.00361666346585784461778929074546804E-0003
494   9.92769431073016002845050814325888611E-0004
495   9.85351907803220543266368542640776593E-0004
496   1.02345175692676105203464096656272273E-0003
497   9.96096085376759388258256227491289387E-0004
498   1.01589702872541488654889287822319991E-0003
499   1.00341465039844253451933282200084324E-0003
500   1.03016312888746015499904169796882810E-0003
501   9.97341436058282852172851562499971456E-0004
502   1.00996298389510618910896882165065213E-0003
503   9.86880879407179063090169106783809799E-0004
504   9.85400539983157624687959334728426580E-0004
505   9.79825397182861847521886924076608431E-0004
506   9.92716043516876662248443732155569852E-0004
507   1.00011443974181552714670091254256759E-0003
508   9.95883318192590807325382755862617616E-0004
509   9.87635768191225240542312291899973910E-0004
510   9.80424449674138347144803844375625692E-0004
511   9.83164749134751591761265292345491980E-0004
512   9.42276091762004487049868100989337206E-0004
513   9.65940014793886803090572357177734375E-0004
514   1.00510880275833615054732501567731021E-0003
515   9.71750774354687726431411733692150564E-0004
516   9.95885728468553309099469044193007189E-0004
517   9.82950661044885595754164141048700446E-0004
518   1.01035342511098748449324112934933411E-0003
519   9.65941887868322590091528067731915649E-0004
520   9.10586154698655437726296586564199993E-0004
521   9.63257487795106273078354152702039281E-0004
522   9.91967802672194623463527337338893182E-0004
523   9.80408222975970288867586166971634483E-0004
524   9.90403098886659199972132383336459125E-0004
525   9.54238092494231651076750352133813364E-0004
526   9.65142753601597955708060405151643920E-0004
527   9.46062060793359441998760852820071037E-0004
528   9.33709580411304969701477186815879470E-0004
529   9.82730055756341405999671438618261322E-0004
530   9.04040783993499738349508191007342160E-0004
531   9.57645511501009521980054779976212571E-0004
532   9.01078638201666816416747009566770503E-0004
533   9.24051661681145555128364621214774120E-0004
534   9.47049315707580143805753874666036943E-0004
535   9.48226368020911709632783102713968965E-0004
536   9.30663835251109549463841683771493208E-0004
537   9.23748748554817221828068941200906455E-0004
538   9.49050726288680041746911655678402140E-0004
539   9.46497461732864454840630586545902187E-0004
540   9.36038617861973552499086669132796388E-0004
541   9.14033237758152626342407142837988189E-0004
542   9.52987784310884329747590144738977543E-0004
543   9.18252989038029870940060516264767610E-0004
544   9.35034037063012488430939409511558312E-0004
545   9.46881802318372786251318908480218090E-0004
546   9.33345882120544501461070471465729718E-0004
547   8.96291703258309954743045644682459542E-0004
548   8.94150687001388064576913914518659002E-0004
549   8.99705922597300443266175984637674006E-0004
550   9.16466655703198057380332593532992214E-0004
551   9.11457236370548975369161810756714692E-0004
552   9.20034509784152198207942587925347704E-0004
553   8.91671488223907652584301075798128338E-0004
554   8.70285658113309128550800134016961050E-0004
555   9.02086781487164535563974214315758374E-0004
556   9.16743568256911606614866985069976198E-0004
557   8.80733019161555266492602852435907333E-0004
558   8.75950026483265747564792305686337149E-0004
559   8.52960743521116348992678497373652537E-0004
560   8.83205729178508198997046383701368264E-0004
561   8.81973466953519275602029294383755595E-0004
562   8.82366942472709129922849918713965852E-0004
563   8.69640725426877330084179547436305554E-0004
564   8.83522288252665127111122347470783558E-0004
565   8.90645189961636993889957119249204173E-0004
566   8.75269422765722900468000408551726209E-0004
567   8.90631508435224639895936091227925341E-0004
568   8.76973892017884873126597900007130680E-0004
569   8.79635213870654742447210431832036942E-0004
570   9.12721004114494558760857543136567891E-0004
571   8.53455209506634896848707354666834292E-0004
572   9.19871118420572017756889935963023943E-0004
573   8.81863640093806302339338464628274510E-0004
574   8.35502258554278490429206251579958995E-0004
575   8.72383606879084898567600308366068112E-0004
576   8.88775090103535886522952910857755710E-0004
577   8.45441996536891688995155287377604413E-0004
578   8.62190014267327249981281127014855699E-0004
579   8.47208395712127573047309592586531412E-0004
580   8.76109552278604091928977558600112760E-0004
581   8.79044237872751764111513189980319072E-0004
582   8.50353042110551662782622186162492221E-0004
583   9.08510507082240659867561012293545692E-0004
584   8.55126543055477835804474698593000306E-0004
585   8.61045716656214662621852984278971876E-0004
586   8.50564463518748251861821952873885851E-0004
587   8.81441048877694185787489266218862199E-0004
588   8.57284121940578202039206713932180856E-0004
589   8.47471898265767478259909825464275719E-0004
590   8.35542358416576772291422571315326035E-0004
591   8.25579548259959998948585709700870074E-0004
592   8.42744873127153048261570772322928928E-0004
593   8.34011970152258682503501719327823554E-0004
594   8.67942922777604549312409577109164703E-0004
595   8.25050901490896801708585438164367051E-0004
596   8.48567623969757529977233166934052462E-0004
597   7.81504603955040363533894954825890862E-0004
598   8.34303998890261146181374782849114386E-0004
599   8.05927291964707000574459332328829581E-0004
600   8.38613466360964969673805171218250372E-0004
601   8.44879262022570603423648410373291482E-0004
602   8.32319917956518080051285067121351867E-0004
603   8.39265552399886078979846369389816184E-0004
604   8.00373981387410493362305605354738903E-0004
605   8.01331486969804408011648311023570387E-0004
606   8.10993222466831356765354162486745711E-0004
607   8.06521106305849557153569049592326405E-0004
608   8.42895633955701464816259671135818419E-0004
609   8.18950862040384633884535601924994663E-0004
610   8.53590097804865774394176428157711626E-0004
611   7.59893389550998538644427222867256312E-0004
612   7.94912923979309224958117670909203415E-0004
613   8.37209906910577832473592901989652268E-0004
614   8.35174683477372851312542608587519365E-0004
615   8.00455383923566435377273176679938422E-0004
616   8.13095410089363396400201028317923775E-0004
617   8.07275116825199044008121500129489960E-0004
618   8.17692046493668093629141126865558756E-0004
619   7.97480473707541426203881908555039209E-0004
620   7.94239385909325630466374037998222157E-0004
621   8.31598755412925961238412529571246978E-0004
622   7.82663011073570102023941614517301251E-0004
623   7.85831920459802279326077167994794305E-0004
624   8.03417228326427703865962777441794833E-0004
625   7.92194100970587277396739430524722023E-0004
626   7.47146052802503108978271484374983067E-0004
627   7.67575362436367089179233622320517227E-0004
628   8.20001591510423498568338077770378265E-0004
629   8.01334170414736522608361644064674488E-0004
630   8.24639761403827205080038244602595718E-0004
631   7.75538871860712143419130709286028933E-0004
632   7.70731395077801909768594953187890365E-0004
633   7.83047284308669945689810905829391222E-0004
634   7.63282881850356843110473989558848045E-0004
635   7.77341163441805207411057475332316586E-0004
636   8.26042656058842723120817640561081155E-0004
637   7.84527058935460469602128617310173290E-0004
638   7.66861230800759019846725461046832083E-0004
639   7.77293055341125764350663568225673693E-0004
640   7.70884543939454222087131447095224865E-0004
641   7.85291788488393649458885192871117061E-0004
642   7.83637661833226029266596062694399869E-0004
643   7.39862762765895799328047331384999871E-0004
644   7.76279004929436291300297155968184140E-0004
645   7.53475274532096120067724617380858621E-0004
646   7.61720462144574063248763569529909247E-0004
647   7.95297348738559149086065739994513267E-0004
648   7.72073369691222917859630935058148949E-0004
649   7.33573908287160396076269837309522372E-0004
650   7.60541558932822739990716626941488358E-0004
651   7.93355076325252740340825368666789574E-0004
652   7.84972694037879709448654137827953998E-0004
653   7.18510729110268992682952346752912765E-0004
654   7.99397221529482593033919284727230958E-0004
655   8.08096355950373838052841586226678328E-0004
656   7.41656421591795798149929132212018528E-0004
657   7.88126630187580325396411267155214863E-0004
658   7.56442469079190921372945473686921704E-0004
659   7.54282850337275401428363203849318570E-0004
660   6.98767058681277743600924405529642852E-0004
661   7.00862920121268409452271965033860948E-0004
662   7.27883136872614563343740863466460904E-0004
663   7.57024984655526764890467595802081558E-0004
664   7.47180549498761345183805753543349802E-0004
665   7.49641216166136578960504530476027561E-0004
666   7.57533520888119128973018092657358952E-0004
667   7.15238992081500655626121672154301672E-0004
668   8.04877641944396277410697988887409527E-0004
669   7.83090358460433892014762782397384632E-0004
670   7.76906737390053862858825844650069366E-0004
671   7.46857557366096938896561603711833121E-0004
672   7.55538698997639948695608201552924873E-0004
673   7.57464876445234687724351342302847159E-0004
674   7.27410434065921620224428997947422720E-0004
675   7.49443520368112902101811083004506522E-0004
676   7.48384749271047131678368001971900031E-0004
677   7.38083956531295909909473105449582250E-0004
678   7.59968891911628163576210889750966841E-0004
679   7.15970650312675233184811532045685942E-0004
680   7.81972255819712433474347586854575019E-0004
681   6.92243473509658501841205214134168547E-0004
682   7.35024982251073459835728179451185620E-0004
683   7.48086841556472638731412634722138154E-0004
684   7.41110436753571699046734743267995388E-0004
685   7.34108902716442640937184721617739021E-0004
686   7.18454777409385428697186785619723932E-0004
687   6.82880769088972587214757360006945940E-0004
688   7.39141688525895349896590200876687238E-0004
689   7.24557607134427873265620758238163062E-0004
690   7.18212217937835808642992790847817934E-0004
691   7.12669656880558275720748148202837332E-0004
692   7.19103106102823328187771499779748141E-0004
693   7.11698804038999267185107558102367053E-0004
694   7.33036455504194405382768627291844400E-0004
695   7.06434631605112888215650652517191674E-0004
696   7.17765055644067015795226201008622845E-0004
697   7.24784579774671086414217208678821675E-0004
698   6.94434355937430404476759724078643024E-0004
699   7.55375853506490753225128804970574736E-0004
700   7.21542224524888353011416554891856108E-0004
701   7.38203627135300514649371711575254677E-0004
702   7.38934306092293744810129681055575619E-0004
703   6.97828019843350865293424424275082188E-0004
704   7.09260986092971711802991900630583168E-0004
705   6.70958312410160837587246224899934679E-0004
706   6.87588442132528276368169907826564845E-0004
707   7.00698579732072416120377225508242661E-0004
708   7.31188462443204745363655549073479832E-0004
709   6.79863348809540306956004965540856533E-0004
710   7.01463606822093628028742852018871214E-0004
711   6.76563814127412409423906825360184417E-0004
712   6.84410477187471717213385751562521929E-0004
713   7.09672565422127376773895872405301238E-0004
714   7.29917818311701031376189956531037647E-0004
715   6.56819398266266104880364681296844436E-0004
716   6.87704054988108918196858039455627190E-0004
717   7.01285043723534712786680601170082169E-0004
718   7.24263644308735590307628181424119962E-0004
719   6.86314786442669856553951559443369621E-0004
720   6.89186569022353825373081417129110099E-0004
721   6.92502258249909191587824880340969324E-0004
722   6.99761950335445881306335432428925334E-0004
723   6.35123867558899412265212383591257639E-0004
724   6.20325040930719719845422135057224845E-0004
725   6.08057156793454726269013650040152705E-0004
726   6.84504258856797473467487784259794965E-0004
727   7.45689833644949256700272669369276629E-0004
728   6.42831702481161124082908983238295849E-0004
729   6.63373421555354178146152245280080047E-0004
730   7.62609599648849698837521943213731260E-0004
731   6.90949270200700149412650868735602381E-0004
732   6.97900280663074125908933203977329500E-0004
733   6.63266418567511875915122966930955472E-0004
734   7.17212433339159629508899024816311706E-0004
735   6.54327677097887207677252494128263454E-0004
736   7.05570684213809652812632413722301548E-0004
737   6.82188305404237057795371360274058115E-0004
738   6.97059274125294392445966063368543785E-0004
739   6.71164551029416915887307101992883903E-0004
740   7.15948014570088836099569378336994870E-0004
741   6.63542902342692137286992208900191027E-0004
742   6.78767479159440560739237824823282124E-0004
743   7.07193917078972557829003539793417404E-0004
744   6.43528200509378071588158801612723253E-0004
745   7.07611061383098736879163731700637888E-0004
746   6.87810330997616714424101341243809094E-0004
747   6.06307728728212866594537637745955784E-0004
748   7.03004156093609509627594306257094158E-0004
749   6.31224561578632579297325882402650048E-0004
750   6.83097515483690207738173803946007549E-0004
751   6.38454406968835327360365125868027065E-0004
752   6.79162994002637741206601793117259681E-0004
753   6.34717170410139647246270548870995005E-0004
754   6.61006503961704137012618686714923328E-0004
755   6.43831848776398032673227426275691823E-0004
756   5.83371310215659854882725769634554953E-0004
757   6.63959248389362054520446780761099262E-0004
758   5.90541655508071028814651317431361316E-0004
759   6.17814131335494785984518477509422993E-0004
760   6.37447890507750371151322110051281145E-0004
761   6.73087404526826871399073719648144299E-0004
762   6.85636508485407081765985979873626767E-0004
763   6.64357250406935615694794435514403273E-0004
764   6.56269761903197463842487022484121511E-0004
765   6.60432209168602134348749411883522022E-0004
766   6.29301503612738844422447904985795687E-0004
767   6.36442664151758954928222940852424579E-0004
768   6.51300578155645180347206770114672527E-0004
769   6.43553793351101275119516584608268542E-0004
770   6.02559108395879280350243966982227921E-0004
771   6.28875587678261994712367631227334433E-0004
772   6.54568567137227566162270679873738557E-0004
773   6.33028846275131226261208248079572060E-0004
774   6.06335860567348859346415942210694717E-0004
775   5.63399635391905119303700436302137970E-0004
776   6.81897900432239710106189739691726899E-0004
777   6.26562790265251895340941691958585592E-0004
778   6.84077245144459840390781615340082202E-0004
779   6.51979331876199891331034791106298385E-0004
780   6.48413164367482512397898562590656820E-0004
781   6.44551303575518323668204664321889136E-0004
782   6.22611967798869010867455958986234032E-0004
783   6.51790015207487744052901010905476702E-0004
784   7.04114062887767114988792790531730579E-0004
785   6.36056050825648797968435863413830491E-0004
786   6.68471052400794100425776238228482489E-0004
787   6.32482102150800040964117040847146985E-0004
788   6.62563662974930364323513374142552113E-0004
789   6.73372507491363186788815753400761421E-0004
790   6.90797630818155693859388772204179882E-0004
791   6.39782622879980786491177666934147050E-0004
792   6.73339535349787537350895481861120199E-0004
793   5.96658093118355014156095958001771122E-0004
794   6.81566512260615424054473147412723243E-0004
795   6.25658452581701213775628569516287329E-0004
796   6.54000685812049222602661659123348041E-0004
797   6.09380556908778654171696173049277339E-0004
798   6.70112923752627168534875722867410931E-0004
799   5.94956625855366668819721474070893448E-0004
800   5.99074522783547657446203294090064215E-0004
801   6.18641828006366267800331115722665220E-0004
802   6.32352947769124027489135020915955975E-0004
803   6.31958368360345042769508177487949777E-0004
804   6.43668576193491466456442584357490049E-0004
805   6.59323865291668853501052461766076587E-0004
806   6.05807553149395015503603120418785192E-0004
807   6.19998671131943337031778191670748486E-0004
808   6.88863978515902572827412325336215215E-0004
809   6.10993458550506829339001134568227778E-0004
810   5.94732987191203269270052934163557544E-0004
811   5.87393215460629815500041657587192974E-0004
812   5.68205111856456033795864162393934473E-0004
813   6.21572245669620869452391730928784516E-0004
814   6.71656018146312000845031248407322827E-0004
815   6.43689884416469377526013591185003682E-0004
816   5.92787199978591146752321839920366055E-0004
817   6.39463124071513379607829438957127353E-0004
818   6.10368386747034907962687875579695737E-0004
819   5.92071846709727953064686183913584269E-0004
820   5.65390960026655134482172600863398805E-0004
821   5.86197663968814573495037707454174800E-0004
822   6.23107241420981761762233183133028940E-0004
823   5.90034219942410686559324438244012430E-0004
824   6.25126979504011442718981423003763058E-0004
825   5.83077401859902698033626145405947832E-0004
826   6.62318558272750854930054495595155486E-0004
827   6.08566716533218219638928211992864443E-0004
828   6.45148459934130551961170134839111825E-0004
829   6.35332899746822403268431940585993891E-0004
830   5.75516124938241112116874247401149890E-0004
831   5.62229338805367641550031693273458144E-0004
832   6.71762253181939291224623528602326571E-0004
833   5.89353787064719008358977955473974519E-0004
834   6.22017443187780277369036934486031643E-0004
835   6.20706600719272789749666656063643492E-0004
836   5.30258400815092017837054433073421692E-0004
837   6.90062964058529278321655997235306978E-0004
838   5.36766311266305517261852673993303809E-0004
839   6.20858571163421269670050650241372362E-0004
840   5.63850840855686985154796064387091436E-0004
841   5.81978993416951796094846833590246225E-0004
842   6.58956428446381419229174332236947784E-0004
843   6.03838654151521009612776599133531497E-0004
844   6.35078846520375347686453791792602221E-0004
845   5.98483274426409865372992946742765269E-0004
846   6.05549715372902453978736754296189513E-0004
847   5.67462778707994325781287727189474199E-0004
848   5.98936566797917967550959021553095901E-0004
849   5.79057040206837507966745362327622370E-0004
850   6.25623816168367912234064028681255019E-0004
851   6.01975644938325490093561192284818005E-0004
852   5.19139205706644476430663654588172635E-0004
853   5.96174375231898630526422700177970962E-0004
854   6.35101301838962628375844150060840566E-0004
855   5.71218240388452635541371846911823415E-0004
856   5.48427390484037722091880926970571545E-0004
857   6.21498293753922670879200750359817033E-0004
858   6.42667606170205431615342225169591715E-0004
859   6.43333426700224006518839548739945944E-0004
860   5.47334080884049061617982266520933261E-0004
861   5.35135802288029469819633686071847241E-0004
862   5.54462988331316360682341734001595272E-0004
863   5.36780304250545760546279864430579462E-0004
864   5.93076642137221529206282699683945131E-0004
865   5.81280615069984556757046525533964006E-0004
866   5.50825984424221652673111234674650377E-0004
867   6.03404800656233910674643530910057183E-0004
868   6.05379955096092967016599946672725378E-0004
869   5.86941976674072674337501026044929116E-0004
870   6.27956290307454682213438528198083321E-0004
871   5.27241191655913709192456177257753275E-0004
872   5.75584412631859272954800357156957901E-0004
873   5.88886354167979546427455838205614290E-0004
874   5.66235395480623188119205487822329105E-0004
875   5.60424564926213670911398869261869022E-0004
876   5.76525473820159629899628308354574917E-0004
877   5.79422831451563820814868133774650000E-0004
878   5.67183974232907702417362336568385427E-0004
879   5.20589247698053528102237570914930808E-0004
880   5.34408932365448397175303307680079037E-0004
881   5.55067240426024375868237708225702178E-0004
882   5.76321444791621797068322175812496998E-0004
883   6.03386478161447066949995423391117738E-0004
884   5.83584624703632708480857721258192397E-0004
885   5.76118848998337463592443694446647908E-0004
886   5.43286916197124897050539439422134732E-0004
887   5.29516914981117819327329011046551479E-0004
888   5.87682335854479363675098819656309261E-0004
889   5.80125732345564525053491647362855405E-0004
890   5.79725459418193552397003855561006816E-0004
891   5.37642655551307521343772993170859715E-0004
892   4.91272687564370078248859010589167649E-0004
893   5.15694890313846652801052799925568667E-0004
894   5.22558538031330956079750558867049567E-0004
895   5.76287600341593468694394452243902379E-0004
896   5.49193315936163472889670755401810918E-0004
897   5.66744467301314402067539643268172216E-0004
898   4.86055874468100368988075265403086076E-0004
899   5.68019569252839136235770168952819598E-0004
900   5.87780336205197515830825668048190268E-0004
901   5.25691309171717291996802812741126082E-0004
902   5.41526576975268383269863011679148083E-0004
903   5.36902923541429552840695153835780074E-0004
904   5.16103253278451710783526183495451766E-0004
905   5.51538422531257941122762336644309025E-0004
906   5.18126264596158662873860778929709989E-0004
907   5.45414896561528006343037471382072319E-0004
908   5.28732879623612418776713257738884271E-0004
909   5.09804879811159407100726720253970405E-0004
910   5.30080605709319799726468480208252472E-0004
911   5.74318879687882642241552707841179842E-0004
912   5.77822313060670417159924066932580539E-0004
913   4.90960882186019525422650727905764887E-0004
914   5.84207615110335131856630805647981797E-0004
915   4.76707712021332459125352858245918751E-0004
916   4.72475106418498759022104746906166309E-0004
917   5.24027951108046664971331091922449417E-0004
918   5.08059935863891879835694361615995920E-0004
919   4.95473897458898089285917740787641041E-0004
920   5.56210172583309398236261208416436053E-0004
921   6.04894779487653848466891196815200545E-0004
922   5.36550235488499710971368377197769700E-0004
923   4.95882821915990810157215882833923580E-0004
924   4.90383054722639610837583505746105179E-0004
925   5.26411904099624899225822442010550495E-0004
926   5.42100228498219747104463653898821641E-0004
927   5.32435412390902320419174573084810731E-0004
928   5.12796436881773032111472710296061527E-0004
929   5.47617418082031187702160811452595836E-0004
930   5.55745970313463564943782087945896934E-0004
931   5.95714407245883629189459405643896316E-0004
932   5.41956819073727306504574874169167672E-0004
933   5.04670818678912875803342261052028532E-0004
934   5.66267765476533798542546098674070577E-0004
935   5.16885329034994476438604487557409826E-0004
936   5.46437277441137030091324295436225252E-0004
937   5.05196898421057646831381755502580175E-0004
938   5.46621735301152081102534599685375207E-0004
939   4.74236335315381159439828137102636915E-0004
940   5.53673753123874937931209580999815685E-0004
941   5.28651426579793109889481606230943658E-0004
942   5.25781376681624542891780845245554428E-0004
943   5.64313439597602890807289914087337676E-0004
944   5.28522723854965882996765567002480712E-0004
945   5.19619980617938014761328320501858901E-0004
946   5.37311093448694249002534569399360425E-0004
947   5.33684853711872381119422265871142816E-0004
948   4.55622620200628823354431713755392553E-0004
949   5.28931193896773337403145821867195787E-0004
950   5.34417114402220037140976855696113236E-0004
951   5.67245873400471960078316051874148140E-0004
952   5.22546294197200771812740436947760106E-0004
953   5.49687688763054906816841493462089125E-0004
954   5.24784718356320591848146744945383305E-0004
955   4.93956080417455239352313393185411839E-0004
956   5.35593213066379051682183180542582320E-0004
957   4.81292080772473977192307914314089539E-0004
958   5.27333775450650683308403585344736512E-0004
959   4.94539344611147251148104086271410020E-0004
960   5.20120940070177593986897652311399959E-0004
961   4.80196706056530173454019758436409075E-0004
962   5.06319750748143505387329029789158412E-0004
963   5.09871203937174967077971004555479543E-0004
964   5.60034965046998673310697172350335658E-0004
965   5.41017848776693945211725551393541082E-0004
966   4.73763982308903743207571493634908389E-0004
967   5.12965379411736381523068192422284046E-0004
968   4.85465975009330070605107456265504645E-0004
969   5.26767064558935140673477999312828811E-0004
970   4.88570737832568575311271373025581120E-0004
971   5.47157433499399093933421704680157122E-0004
972   5.25799711129959061848209226479011224E-0004
973   5.42693906848441313101590466048367848E-0004
974   5.03448484734478927279879738954681943E-0004
975   5.56283299986399604216768316489610515E-0004
976   4.97443609927670098228880953114726706E-0004
977   4.74651336785883549375580190747269842E-0004
978   5.20597556718280701593062683301685246E-0004
979   5.14313870928988862291211682007389498E-0004
980   5.56267185828581787367170478899358339E-0004
981   4.43420613885487506211871457368010290E-0004
982   5.15180042967736736584716248652592532E-0004
983   4.71806795887295770102006789434674931E-0004
984   4.65522247277625017119978267047993606E-0004
985   5.01739267080338529356489320828550676E-0004
986   4.57256376003614853386128368661237026E-0004
987   5.24384749893549033788943744006799015E-0004
988   4.91695790112680883509962817307325587E-0004
989   5.32156307919840700945767978192485503E-0004
990   5.39000823652292120245253213166140403E-0004
991   5.77197064258938917711357379030200590E-0004
992   5.65271033173009410210159827334712373E-0004
993   5.60137024729255331015363568197788052E-0004
994   4.66654923849536504268756980886440211E-0004
995   4.87241361669699600341915975702062009E-0004
996   4.94826425923139578597551222862153021E-0004
997   4.34671465249350030249821459296637872E-0004
998   4.87996177258152428719148434874919877E-0004
999   5.03833440214352181213245744742077947E-0004
1000   5.24659695958977227095845821382844529E-0004
